Adresse Web ;https://konsilion.github.io/katalog-template/etc/biblioteks/
Adresse Repo ;https://github.com/Konsilion/katalog-template/tree/master/docs/etc/biblioteks/
